28906357249
22625720204
22654895220
41597370215
59766484287
18218091220
57203687287
26558386291
09842551253
31636780253
10611843234
20894767291
60742402215
06692974291
34198016291
29843219287
11989572200
31623468272
05995191268
11988606268
22633421253
69092907200
20982542291
25611925200
05699991204
22653821249
30227470206
32511817268
20954298268
38094037253
38832003287
08072876287
09777539215
11909145220
38842521272
34185500297
07291230225
68614292287
42821401272
43193790206
20963742272
85586293668
43306497215
22659625204
23245999291
